1:   1 2 3 4 5 6 
2:   2 1 3 4 5 6 
3:   2 3 1 4 5 6 
4:   2 3 4 1 5 6 
5:   2 3 4 5 1 6 
6:   2 3 4 5 6 1 
7:   3 2 4 5 6 1 
8:   3 2 4 5 1 6 
9:   3 2 4 1 5 6 
10:   3 2 1 4 5 6 
11:   3 1 2 4 5 6 
12:   1 3 2 4 5 6 
13:   1 3 4 2 5 6 
14:   3 1 4 2 5 6 
15:   3 4 1 2 5 6 
16:   3 4 2 1 5 6 
17:   3 4 2 5 1 6 
18:   3 4 2 5 6 1 
19:   3 4 5 2 6 1 
20:   3 4 5 2 1 6 
21:   3 4 5 1 2 6 
22:   3 4 1 5 2 6 
23:   3 1 4 5 2 6 
24:   1 3 4 5 2 6 
25:   1 3 4 5 6 2 
26:   3 1 4 5 6 2 
27:   3 4 1 5 6 2 
28:   3 4 5 1 6 2 
29:   3 4 5 6 1 2 
30:   3 4 5 6 2 1 
31:   4 3 5 6 2 1 
32:   4 3 5 6 1 2 
33:   4 3 5 1 6 2 
34:   4 3 1 5 6 2 
35:   4 1 3 5 6 2 
36:   1 4 3 5 6 2 
37:   1 4 3 5 2 6 
38:   4 1 3 5 2 6 
39:   4 3 1 5 2 6 
40:   4 3 5 1 2 6 
41:   4 3 5 2 1 6 
42:   4 3 5 2 6 1 
43:   4 3 2 5 6 1 
44:   4 3 2 5 1 6 
45:   4 3 2 1 5 6 
46:   4 3 1 2 5 6 
47:   4 1 3 2 5 6 
48:   1 4 3 2 5 6 
49:   1 4 2 3 5 6 
50:   4 1 2 3 5 6 
51:   4 2 1 3 5 6 
52:   4 2 3 1 5 6 
53:   4 2 3 5 1 6 
54:   4 2 3 5 6 1 
55:   2 4 3 5 6 1 
56:   2 4 3 5 1 6 
57:   2 4 3 1 5 6 
58:   2 4 1 3 5 6 
59:   2 1 4 3 5 6 
60:   1 2 4 3 5 6 
61:   1 2 4 5 3 6 
62:   2 1 4 5 3 6 
63:   2 4 1 5 3 6 
64:   2 4 5 1 3 6 
65:   2 4 5 3 1 6 
66:   2 4 5 3 6 1 
67:   4 2 5 3 6 1 
68:   4 2 5 3 1 6 
69:   4 2 5 1 3 6 
70:   4 2 1 5 3 6 
71:   4 1 2 5 3 6 
72:   1 4 2 5 3 6 
73:   1 4 5 2 3 6 
74:   4 1 5 2 3 6 
75:   4 5 1 2 3 6 
76:   4 5 2 1 3 6 
77:   4 5 2 3 1 6 
78:   4 5 2 3 6 1 
79:   4 5 3 2 6 1 
80:   4 5 3 2 1 6 
81:   4 5 3 1 2 6 
82:   4 5 1 3 2 6 
83:   4 1 5 3 2 6 
84:   1 4 5 3 2 6 
85:   1 4 5 3 6 2 
86:   4 1 5 3 6 2 
87:   4 5 1 3 6 2 
88:   4 5 3 1 6 2 
89:   4 5 3 6 1 2 
90:   4 5 3 6 2 1 
91:   4 5 6 3 2 1 
92:   4 5 6 3 1 2 
93:   4 5 6 1 3 2 
94:   4 5 1 6 3 2 
95:   4 1 5 6 3 2 
96:   1 4 5 6 3 2 
97:   1 4 5 6 2 3 
98:   4 1 5 6 2 3 
99:   4 5 1 6 2 3 
100:   4 5 6 1 2 3 
101:   4 5 6 2 1 3 
102:   4 5 6 2 3 1 
103:   4 5 2 6 3 1 
104:   4 5 2 6 1 3 
105:   4 5 2 1 6 3 
106:   4 5 1 2 6 3 
107:   4 1 5 2 6 3 
108:   1 4 5 2 6 3 
109:   1 4 2 5 6 3 
110:   4 1 2 5 6 3 
111:   4 2 1 5 6 3 
112:   4 2 5 1 6 3 
113:   4 2 5 6 1 3 
114:   4 2 5 6 3 1 
115:   2 4 5 6 3 1 
116:   2 4 5 6 1 3 
117:   2 4 5 1 6 3 
118:   2 4 1 5 6 3 
119:   2 1 4 5 6 3 
120:   1 2 4 5 6 3 
121:   1 2 5 4 6 3 
122:   2 1 5 4 6 3 
123:   2 5 1 4 6 3 
124:   2 5 4 1 6 3 
125:   2 5 4 6 1 3 
126:   2 5 4 6 3 1 
127:   5 2 4 6 3 1 
128:   5 2 4 6 1 3 
129:   5 2 4 1 6 3 
130:   5 2 1 4 6 3 
131:   5 1 2 4 6 3 
132:   1 5 2 4 6 3 
133:   1 5 4 2 6 3 
134:   5 1 4 2 6 3 
135:   5 4 1 2 6 3 
136:   5 4 2 1 6 3 
137:   5 4 2 6 1 3 
138:   5 4 2 6 3 1 
139:   5 4 6 2 3 1 
140:   5 4 6 2 1 3 
141:   5 4 6 1 2 3 
142:   5 4 1 6 2 3 
143:   5 1 4 6 2 3 
144:   1 5 4 6 2 3 
145:   1 5 4 6 3 2 
146:   5 1 4 6 3 2 
147:   5 4 1 6 3 2 
148:   5 4 6 1 3 2 
149:   5 4 6 3 1 2 
150:   5 4 6 3 2 1 
151:   5 4 3 6 2 1 
152:   5 4 3 6 1 2 
153:   5 4 3 1 6 2 
154:   5 4 1 3 6 2 
155:   5 1 4 3 6 2 
156:   1 5 4 3 6 2 
157:   1 5 4 3 2 6 
158:   5 1 4 3 2 6 
159:   5 4 1 3 2 6 
160:   5 4 3 1 2 6 
161:   5 4 3 2 1 6 
162:   5 4 3 2 6 1 
163:   5 4 2 3 6 1 
164:   5 4 2 3 1 6 
165:   5 4 2 1 3 6 
166:   5 4 1 2 3 6 
167:   5 1 4 2 3 6 
168:   1 5 4 2 3 6 
169:   1 5 2 4 3 6 
170:   5 1 2 4 3 6 
171:   5 2 1 4 3 6 
172:   5 2 4 1 3 6 
173:   5 2 4 3 1 6 
174:   5 2 4 3 6 1 
175:   2 5 4 3 6 1 
176:   2 5 4 3 1 6 
177:   2 5 4 1 3 6 
178:   2 5 1 4 3 6 
179:   2 1 5 4 3 6 
180:   1 2 5 4 3 6 
181:   1 2 5 3 4 6 
182:   2 1 5 3 4 6 
183:   2 5 1 3 4 6 
184:   2 5 3 1 4 6 
185:   2 5 3 4 1 6 
186:   2 5 3 4 6 1 
187:   5 2 3 4 6 1 
188:   5 2 3 4 1 6 
189:   5 2 3 1 4 6 
190:   5 2 1 3 4 6 
191:   5 1 2 3 4 6 
192:   1 5 2 3 4 6 
193:   1 5 3 2 4 6 
194:   5 1 3 2 4 6 
195:   5 3 1 2 4 6 
196:   5 3 2 1 4 6 
197:   5 3 2 4 1 6 
198:   5 3 2 4 6 1 
199:   5 3 4 2 6 1 
200:   5 3 4 2 1 6 
201:   5 3 4 1 2 6 
202:   5 3 1 4 2 6 
203:   5 1 3 4 2 6 
204:   1 5 3 4 2 6 
205:   1 5 3 4 6 2 
206:   5 1 3 4 6 2 
207:   5 3 1 4 6 2 
208:   5 3 4 1 6 2 
209:   5 3 4 6 1 2 
210:   5 3 4 6 2 1 
211:   3 5 4 6 2 1 
212:   3 5 4 6 1 2 
213:   3 5 4 1 6 2 
214:   3 5 1 4 6 2 
215:   3 1 5 4 6 2 
216:   1 3 5 4 6 2 
217:   1 3 5 4 2 6 
218:   3 1 5 4 2 6 
219:   3 5 1 4 2 6 
220:   3 5 4 1 2 6 
221:   3 5 4 2 1 6 
222:   3 5 4 2 6 1 
223:   3 5 2 4 6 1 
224:   3 5 2 4 1 6 
225:   3 5 2 1 4 6 
226:   3 5 1 2 4 6 
227:   3 1 5 2 4 6 
228:   1 3 5 2 4 6 
229:   1 3 2 5 4 6 
230:   3 1 2 5 4 6 
231:   3 2 1 5 4 6 
232:   3 2 5 1 4 6 
233:   3 2 5 4 1 6 
234:   3 2 5 4 6 1 
235:   2 3 5 4 6 1 
236:   2 3 5 4 1 6 
237:   2 3 5 1 4 6 
238:   2 3 1 5 4 6 
239:   2 1 3 5 4 6 
240:   1 2 3 5 4 6 
241:   1 2 3 5 6 4 
242:   2 1 3 5 6 4 
243:   2 3 1 5 6 4 
244:   2 3 5 1 6 4 
245:   2 3 5 6 1 4 
246:   2 3 5 6 4 1 
247:   3 2 5 6 4 1 
248:   3 2 5 6 1 4 
249:   3 2 5 1 6 4 
250:   3 2 1 5 6 4 
251:   3 1 2 5 6 4 
252:   1 3 2 5 6 4 
253:   1 3 5 2 6 4 
254:   3 1 5 2 6 4 
255:   3 5 1 2 6 4 
256:   3 5 2 1 6 4 
257:   3 5 2 6 1 4 
258:   3 5 2 6 4 1 
259:   3 5 6 2 4 1 
260:   3 5 6 2 1 4 
261:   3 5 6 1 2 4 
262:   3 5 1 6 2 4 
263:   3 1 5 6 2 4 
264:   1 3 5 6 2 4 
265:   1 3 5 6 4 2 
266:   3 1 5 6 4 2 
267:   3 5 1 6 4 2 
268:   3 5 6 1 4 2 
269:   3 5 6 4 1 2 
270:   3 5 6 4 2 1 
271:   5 3 6 4 2 1 
272:   5 3 6 4 1 2 
273:   5 3 6 1 4 2 
274:   5 3 1 6 4 2 
275:   5 1 3 6 4 2 
276:   1 5 3 6 4 2 
277:   1 5 3 6 2 4 
278:   5 1 3 6 2 4 
279:   5 3 1 6 2 4 
280:   5 3 6 1 2 4 
281:   5 3 6 2 1 4 
282:   5 3 6 2 4 1 
283:   5 3 2 6 4 1 
284:   5 3 2 6 1 4 
285:   5 3 2 1 6 4 
286:   5 3 1 2 6 4 
287:   5 1 3 2 6 4 
288:   1 5 3 2 6 4 
289:   1 5 2 3 6 4 
290:   5 1 2 3 6 4 
291:   5 2 1 3 6 4 
292:   5 2 3 1 6 4 
293:   5 2 3 6 1 4 
294:   5 2 3 6 4 1 
295:   2 5 3 6 4 1 
296:   2 5 3 6 1 4 
297:   2 5 3 1 6 4 
298:   2 5 1 3 6 4 
299:   2 1 5 3 6 4 
300:   1 2 5 3 6 4 
301:   1 2 5 6 3 4 
302:   2 1 5 6 3 4 
303:   2 5 1 6 3 4 
304:   2 5 6 1 3 4 
305:   2 5 6 3 1 4 
306:   2 5 6 3 4 1 
307:   5 2 6 3 4 1 
308:   5 2 6 3 1 4 
309:   5 2 6 1 3 4 
310:   5 2 1 6 3 4 
311:   5 1 2 6 3 4 
312:   1 5 2 6 3 4 
313:   1 5 6 2 3 4 
314:   5 1 6 2 3 4 
315:   5 6 1 2 3 4 
316:   5 6 2 1 3 4 
317:   5 6 2 3 1 4 
318:   5 6 2 3 4 1 
319:   5 6 3 2 4 1 
320:   5 6 3 2 1 4 
321:   5 6 3 1 2 4 
322:   5 6 1 3 2 4 
323:   5 1 6 3 2 4 
324:   1 5 6 3 2 4 
325:   1 5 6 3 4 2 
326:   5 1 6 3 4 2 
327:   5 6 1 3 4 2 
328:   5 6 3 1 4 2 
329:   5 6 3 4 1 2 
330:   5 6 3 4 2 1 
331:   5 6 4 3 2 1 
332:   5 6 4 3 1 2 
333:   5 6 4 1 3 2 
334:   5 6 1 4 3 2 
335:   5 1 6 4 3 2 
336:   1 5 6 4 3 2 
337:   1 5 6 4 2 3 
338:   5 1 6 4 2 3 
339:   5 6 1 4 2 3 
340:   5 6 4 1 2 3 
341:   5 6 4 2 1 3 
342:   5 6 4 2 3 1 
343:   5 6 2 4 3 1 
344:   5 6 2 4 1 3 
345:   5 6 2 1 4 3 
346:   5 6 1 2 4 3 
347:   5 1 6 2 4 3 
348:   1 5 6 2 4 3 
349:   1 5 2 6 4 3 
350:   5 1 2 6 4 3 
351:   5 2 1 6 4 3 
352:   5 2 6 1 4 3 
353:   5 2 6 4 1 3 
354:   5 2 6 4 3 1 
355:   2 5 6 4 3 1 
356:   2 5 6 4 1 3 
357:   2 5 6 1 4 3 
358:   2 5 1 6 4 3 
359:   2 1 5 6 4 3 
360:   1 2 5 6 4 3 
361:   1 2 6 5 4 3 
362:   2 1 6 5 4 3 
363:   2 6 1 5 4 3 
364:   2 6 5 1 4 3 
365:   2 6 5 4 1 3 
366:   2 6 5 4 3 1 
367:   6 2 5 4 3 1 
368:   6 2 5 4 1 3 
369:   6 2 5 1 4 3 
370:   6 2 1 5 4 3 
371:   6 1 2 5 4 3 
372:   1 6 2 5 4 3 
373:   1 6 5 2 4 3 
374:   6 1 5 2 4 3 
375:   6 5 1 2 4 3 
376:   6 5 2 1 4 3 
377:   6 5 2 4 1 3 
378:   6 5 2 4 3 1 
379:   6 5 4 2 3 1 
380:   6 5 4 2 1 3 
381:   6 5 4 1 2 3 
382:   6 5 1 4 2 3 
383:   6 1 5 4 2 3 
384:   1 6 5 4 2 3 
385:   1 6 5 4 3 2 
386:   6 1 5 4 3 2 
387:   6 5 1 4 3 2 
388:   6 5 4 1 3 2 
389:   6 5 4 3 1 2 
390:   6 5 4 3 2 1 
391:   6 5 3 4 2 1 
392:   6 5 3 4 1 2 
393:   6 5 3 1 4 2 
394:   6 5 1 3 4 2 
395:   6 1 5 3 4 2 
396:   1 6 5 3 4 2 
397:   1 6 5 3 2 4 
398:   6 1 5 3 2 4 
399:   6 5 1 3 2 4 
400:   6 5 3 1 2 4 
401:   6 5 3 2 1 4 
402:   6 5 3 2 4 1 
403:   6 5 2 3 4 1 
404:   6 5 2 3 1 4 
405:   6 5 2 1 3 4 
406:   6 5 1 2 3 4 
407:   6 1 5 2 3 4 
408:   1 6 5 2 3 4 
409:   1 6 2 5 3 4 
410:   6 1 2 5 3 4 
411:   6 2 1 5 3 4 
412:   6 2 5 1 3 4 
413:   6 2 5 3 1 4 
414:   6 2 5 3 4 1 
415:   2 6 5 3 4 1 
416:   2 6 5 3 1 4 
417:   2 6 5 1 3 4 
418:   2 6 1 5 3 4 
419:   2 1 6 5 3 4 
420:   1 2 6 5 3 4 
421:   1 2 6 3 5 4 
422:   2 1 6 3 5 4 
423:   2 6 1 3 5 4 
424:   2 6 3 1 5 4 
425:   2 6 3 5 1 4 
426:   2 6 3 5 4 1 
427:   6 2 3 5 4 1 
428:   6 2 3 5 1 4 
429:   6 2 3 1 5 4 
430:   6 2 1 3 5 4 
431:   6 1 2 3 5 4 
432:   1 6 2 3 5 4 
433:   1 6 3 2 5 4 
434:   6 1 3 2 5 4 
435:   6 3 1 2 5 4 
436:   6 3 2 1 5 4 
437:   6 3 2 5 1 4 
438:   6 3 2 5 4 1 
439:   6 3 5 2 4 1 
440:   6 3 5 2 1 4 
441:   6 3 5 1 2 4 
442:   6 3 1 5 2 4 
443:   6 1 3 5 2 4 
444:   1 6 3 5 2 4 
445:   1 6 3 5 4 2 
446:   6 1 3 5 4 2 
447:   6 3 1 5 4 2 
448:   6 3 5 1 4 2 
449:   6 3 5 4 1 2 
450:   6 3 5 4 2 1 
451:   3 6 5 4 2 1 
452:   3 6 5 4 1 2 
453:   3 6 5 1 4 2 
454:   3 6 1 5 4 2 
455:   3 1 6 5 4 2 
456:   1 3 6 5 4 2 
457:   1 3 6 5 2 4 
458:   3 1 6 5 2 4 
459:   3 6 1 5 2 4 
460:   3 6 5 1 2 4 
461:   3 6 5 2 1 4 
462:   3 6 5 2 4 1 
463:   3 6 2 5 4 1 
464:   3 6 2 5 1 4 
465:   3 6 2 1 5 4 
466:   3 6 1 2 5 4 
467:   3 1 6 2 5 4 
468:   1 3 6 2 5 4 
469:   1 3 2 6 5 4 
470:   3 1 2 6 5 4 
471:   3 2 1 6 5 4 
472:   3 2 6 1 5 4 
473:   3 2 6 5 1 4 
474:   3 2 6 5 4 1 
475:   2 3 6 5 4 1 
476:   2 3 6 5 1 4 
477:   2 3 6 1 5 4 
478:   2 3 1 6 5 4 
479:   2 1 3 6 5 4 
480:   1 2 3 6 5 4 
481:   1 2 3 6 4 5 
482:   2 1 3 6 4 5 
483:   2 3 1 6 4 5 
484:   2 3 6 1 4 5 
485:   2 3 6 4 1 5 
486:   2 3 6 4 5 1 
487:   3 2 6 4 5 1 
488:   3 2 6 4 1 5 
489:   3 2 6 1 4 5 
490:   3 2 1 6 4 5 
491:   3 1 2 6 4 5 
492:   1 3 2 6 4 5 
493:   1 3 6 2 4 5 
494:   3 1 6 2 4 5 
495:   3 6 1 2 4 5 
496:   3 6 2 1 4 5 
497:   3 6 2 4 1 5 
498:   3 6 2 4 5 1 
499:   3 6 4 2 5 1 
500:   3 6 4 2 1 5 
501:   3 6 4 1 2 5 
502:   3 6 1 4 2 5 
503:   3 1 6 4 2 5 
504:   1 3 6 4 2 5 
505:   1 3 6 4 5 2 
506:   3 1 6 4 5 2 
507:   3 6 1 4 5 2 
508:   3 6 4 1 5 2 
509:   3 6 4 5 1 2 
510:   3 6 4 5 2 1 
511:   6 3 4 5 2 1 
512:   6 3 4 5 1 2 
513:   6 3 4 1 5 2 
514:   6 3 1 4 5 2 
515:   6 1 3 4 5 2 
516:   1 6 3 4 5 2 
517:   1 6 3 4 2 5 
518:   6 1 3 4 2 5 
519:   6 3 1 4 2 5 
520:   6 3 4 1 2 5 
521:   6 3 4 2 1 5 
522:   6 3 4 2 5 1 
523:   6 3 2 4 5 1 
524:   6 3 2 4 1 5 
525:   6 3 2 1 4 5 
526:   6 3 1 2 4 5 
527:   6 1 3 2 4 5 
528:   1 6 3 2 4 5 
529:   1 6 2 3 4 5 
530:   6 1 2 3 4 5 
531:   6 2 1 3 4 5 
532:   6 2 3 1 4 5 
533:   6 2 3 4 1 5 
534:   6 2 3 4 5 1 
535:   2 6 3 4 5 1 
536:   2 6 3 4 1 5 
537:   2 6 3 1 4 5 
538:   2 6 1 3 4 5 
539:   2 1 6 3 4 5 
540:   1 2 6 3 4 5 
541:   1 2 6 4 3 5 
542:   2 1 6 4 3 5 
543:   2 6 1 4 3 5 
544:   2 6 4 1 3 5 
545:   2 6 4 3 1 5 
546:   2 6 4 3 5 1 
547:   6 2 4 3 5 1 
548:   6 2 4 3 1 5 
549:   6 2 4 1 3 5 
550:   6 2 1 4 3 5 
551:   6 1 2 4 3 5 
552:   1 6 2 4 3 5 
553:   1 6 4 2 3 5 
554:   6 1 4 2 3 5 
555:   6 4 1 2 3 5 
556:   6 4 2 1 3 5 
557:   6 4 2 3 1 5 
558:   6 4 2 3 5 1 
559:   6 4 3 2 5 1 
560:   6 4 3 2 1 5 
561:   6 4 3 1 2 5 
562:   6 4 1 3 2 5 
563:   6 1 4 3 2 5 
564:   1 6 4 3 2 5 
565:   1 6 4 3 5 2 
566:   6 1 4 3 5 2 
567:   6 4 1 3 5 2 
568:   6 4 3 1 5 2 
569:   6 4 3 5 1 2 
570:   6 4 3 5 2 1 
571:   6 4 5 3 2 1 
572:   6 4 5 3 1 2 
573:   6 4 5 1 3 2 
574:   6 4 1 5 3 2 
575:   6 1 4 5 3 2 
576:   1 6 4 5 3 2 
577:   1 6 4 5 2 3 
578:   6 1 4 5 2 3 
579:   6 4 1 5 2 3 
580:   6 4 5 1 2 3 
581:   6 4 5 2 1 3 
582:   6 4 5 2 3 1 
583:   6 4 2 5 3 1 
584:   6 4 2 5 1 3 
585:   6 4 2 1 5 3 
586:   6 4 1 2 5 3 
587:   6 1 4 2 5 3 
588:   1 6 4 2 5 3 
589:   1 6 2 4 5 3 
590:   6 1 2 4 5 3 
591:   6 2 1 4 5 3 
592:   6 2 4 1 5 3 
593:   6 2 4 5 1 3 
594:   6 2 4 5 3 1 
595:   2 6 4 5 3 1 
596:   2 6 4 5 1 3 
597:   2 6 4 1 5 3 
598:   2 6 1 4 5 3 
599:   2 1 6 4 5 3 
600:   1 2 6 4 5 3 
601:   1 2 4 6 5 3 
602:   2 1 4 6 5 3 
603:   2 4 1 6 5 3 
604:   2 4 6 1 5 3 
605:   2 4 6 5 1 3 
606:   2 4 6 5 3 1 
607:   4 2 6 5 3 1 
608:   4 2 6 5 1 3 
609:   4 2 6 1 5 3 
610:   4 2 1 6 5 3 
611:   4 1 2 6 5 3 
612:   1 4 2 6 5 3 
613:   1 4 6 2 5 3 
614:   4 1 6 2 5 3 
615:   4 6 1 2 5 3 
616:   4 6 2 1 5 3 
617:   4 6 2 5 1 3 
618:   4 6 2 5 3 1 
619:   4 6 5 2 3 1 
620:   4 6 5 2 1 3 
621:   4 6 5 1 2 3 
622:   4 6 1 5 2 3 
623:   4 1 6 5 2 3 
624:   1 4 6 5 2 3 
625:   1 4 6 5 3 2 
626:   4 1 6 5 3 2 
627:   4 6 1 5 3 2 
628:   4 6 5 1 3 2 
629:   4 6 5 3 1 2 
630:   4 6 5 3 2 1 
631:   4 6 3 5 2 1 
632:   4 6 3 5 1 2 
633:   4 6 3 1 5 2 
634:   4 6 1 3 5 2 
635:   4 1 6 3 5 2 
636:   1 4 6 3 5 2 
637:   1 4 6 3 2 5 
638:   4 1 6 3 2 5 
639:   4 6 1 3 2 5 
640:   4 6 3 1 2 5 
641:   4 6 3 2 1 5 
642:   4 6 3 2 5 1 
643:   4 6 2 3 5 1 
644:   4 6 2 3 1 5 
645:   4 6 2 1 3 5 
646:   4 6 1 2 3 5 
647:   4 1 6 2 3 5 
648:   1 4 6 2 3 5 
649:   1 4 2 6 3 5 
650:   4 1 2 6 3 5 
651:   4 2 1 6 3 5 
652:   4 2 6 1 3 5 
653:   4 2 6 3 1 5 
654:   4 2 6 3 5 1 
655:   2 4 6 3 5 1 
656:   2 4 6 3 1 5 
657:   2 4 6 1 3 5 
658:   2 4 1 6 3 5 
659:   2 1 4 6 3 5 
660:   1 2 4 6 3 5 
661:   1 2 4 3 6 5 
662:   2 1 4 3 6 5 
663:   2 4 1 3 6 5 
664:   2 4 3 1 6 5 
665:   2 4 3 6 1 5 
666:   2 4 3 6 5 1 
667:   4 2 3 6 5 1 
668:   4 2 3 6 1 5 
669:   4 2 3 1 6 5 
670:   4 2 1 3 6 5 
671:   4 1 2 3 6 5 
672:   1 4 2 3 6 5 
673:   1 4 3 2 6 5 
674:   4 1 3 2 6 5 
675:   4 3 1 2 6 5 
676:   4 3 2 1 6 5 
677:   4 3 2 6 1 5 
678:   4 3 2 6 5 1 
679:   4 3 6 2 5 1 
680:   4 3 6 2 1 5 
681:   4 3 6 1 2 5 
682:   4 3 1 6 2 5 
683:   4 1 3 6 2 5 
684:   1 4 3 6 2 5 
685:   1 4 3 6 5 2 
686:   4 1 3 6 5 2 
687:   4 3 1 6 5 2 
688:   4 3 6 1 5 2 
689:   4 3 6 5 1 2 
690:   4 3 6 5 2 1 
691:   3 4 6 5 2 1 
692:   3 4 6 5 1 2 
693:   3 4 6 1 5 2 
694:   3 4 1 6 5 2 
695:   3 1 4 6 5 2 
696:   1 3 4 6 5 2 
697:   1 3 4 6 2 5 
698:   3 1 4 6 2 5 
699:   3 4 1 6 2 5 
700:   3 4 6 1 2 5 
701:   3 4 6 2 1 5 
702:   3 4 6 2 5 1 
703:   3 4 2 6 5 1 
704:   3 4 2 6 1 5 
705:   3 4 2 1 6 5 
706:   3 4 1 2 6 5 
707:   3 1 4 2 6 5 
708:   1 3 4 2 6 5 
709:   1 3 2 4 6 5 
710:   3 1 2 4 6 5 
711:   3 2 1 4 6 5 
712:   3 2 4 1 6 5 
713:   3 2 4 6 1 5 
714:   3 2 4 6 5 1 
715:   2 3 4 6 5 1 
716:   2 3 4 6 1 5 
717:   2 3 4 1 6 5 
718:   2 3 1 4 6 5 
719:   2 1 3 4 6 5 
720:   1 2 3 4 6 5 
